Residue	nm
1	0.6466
2	0.6147
3	0.4716
4	0.4772
5	0.3698
6	0.4226
7	0.4724
8	0.4965
9	0.535
10	0.428
11	0.4894
12	0.4677
13	0.3589
14	0.3917
15	0.2553
16	0.3582
17	0.4015
18	0.4315
19	0.501
20	0.3898
21	0.4778
22	0.484
23	0.4558
24	0.427
25	0.3657
26	0.2696
27	0.3402
28	0.2095
29	0.2926
30	0.1796
31	0.2657
32	0.2975
33	0.4068
34	0.4201
35	0.341
36	0.3448
37	0.5013
38	0.5252
39	0.6153
40	0.7081
41	0.6954
42	0.573
43	0.4431
44	0.3916
45	0.498
46	0.436
47	0.4348
48	0.5281
49	0.4376
50	0.5388
51	0.6004
52	0.5358
53	0.4167
54	0.6254
55	0.505
56	0.5057
57	0.4887
58	0.4087
59	0.2553
60	0.3542
61	0.4411
62	0.4902
63	0.6177
64	0.5082
65	0.3719
66	0.2981
67	0.278
68	0.3315
69	0.2707
70	0.3649
71	0.4759
72	0.4614
73	0.464
74	0.6753
75	0.6292
76	0.76
